1.0000000000000007 -7.472030226815203e-17 -6.910683160797991e-17 -8.881784197001252e-16 2.919040179193546e-17 1.0000000000000007 1.5635270995815462e-17 -1.0880185641326534e-14 -9.542455738491858e-17 -4.673171181764853e-16 0.9999999999999999 -1.4210854715202004e-14 
0.9999592909179702 0.004568607228104408 -0.007781024021656836 -0.009739029652736875 -0.004602979088414406 0.9999797030569453 -0.004405230715392505 0.022572779831537826 0.007760740321767503 0.004440867273352152 0.9999600240047192 -0.5314115113413749 
0.9998322757280916 0.0016831323031306026 -0.018236981056027016 -0.006108110446574777 -0.0017518823748689741 0.9999914172946756 -0.0037544966549438977 0.04022332779212823 0.01823050521879061 0.0037858159804081627 0.9998266431121107 -1.0438218050137493 
0.999443903668232 -0.003951420941875325 -0.033109963650649714 0.017328521957354237 0.0038339887792658055 0.999986136029151 -0.003609470810109317 0.05646549812814672 0.03312376715362683 0.0034805203675134675 0.9994451971106384 -1.5454957611125906 
0.9986616662236162 -0.009122996506631632 -0.050908224779600685 0.048596024074765154 0.008902252414986893 0.9999499714920531 -0.004561185699160071 0.07324705710520374 0.05094728959827219 0.004101883443291618 0.9986929198881942 -2.0327362010921775 
0.9973427832478363 -0.007774876720308493 -0.07243565417282123 0.08133135654708656 0.007421623817335818 0.9999592251600825 -0.005144659091026761 0.08734622596854491 0.0724726997108186 0.004593398440472192 0.9973598189657498 -2.5054960404724937 
0.9952059213365095 -0.004178234436744964 -0.09771241729556229 0.12829037225922146 0.0036069253981952454 0.9999753579513024 -0.00602275512850607 0.10486934151247995 0.09773517394429877 0.005641440166985914 0.9951964680036405 -2.9622469182710773 
0.9919613352629093 -0.002975026679951056 -0.12650635778363103 0.1957835341299372 0.0020238888986216994 0.9999687179809318 -0.007646367326957651 0.12479699473013861 0.12652514855613683 0.007328865930436009 0.991936325832975 -3.411509699696026 
0.9873223067950875 -0.0028437294011248206 -0.15870279048561758 0.2885698178882077 0.0013797423329911691 0.9999554841762649 -0.009334129681296486 0.14525824500197837 0.15872226943917853 0.008996825490465165 0.9872822789431452 -3.8526866811490095 
0.9808763830616668 -0.002995121107735081 -0.19460871101113164 0.4073353044737189 0.0010022587245790088 0.999946059014185 -0.010338014289493123 0.16251133671959295 0.19462917723022194 0.00994526578582768 0.9808264755088622 -4.276430227377986 
0.9720265880107706 -0.0034396174904102912 -0.23484565406168453 0.5605604845942089 0.0009907053684963041 0.9999439098313022 -0.010544936897027506 0.1745860595462969 0.23486875207871658 0.010017296182559324 0.971975474522983 -4.6939707736683545 
0.9604712643448348 -0.003520194629162514 -0.2783568906953957 0.7438277703446801 0.0005443415638706375 0.9999418822618348 -0.010767348370068874 0.18890791511238136 0.2783786163844082 0.010190207477445907 0.9604173601156266 -5.094728777083844 
0.9457626534845487 -0.005633631440589786 -0.32480958340335164 0.9593584524085088 0.0024927194069271187 0.9999460349439167 -0.01008531357462276 0.19964540390516294 0.32484887197560874 0.008728653775453198 0.9457256584123342 -5.464316148792278 
0.9268353379721466 -0.006123247249054568 -0.37541811641046907 1.2178579358794472 0.0033507524350463317 0.9999620848883157 -0.008037489902471912 0.20118144153664597 0.37545309792859166 0.006191496502481732 0.9268207143924241 -5.819878595742537 
0.9037224649808263 -0.005840199812342585 -0.4280789627570274 1.5081206364869146 0.003373882958218762 0.9999730542069949 -0.006519798595085972 0.20113178146267296 0.42810550475643855 0.004447800140311243 0.903717817612969 -6.1350979862630055 
0.876116407752312 -0.0059899585351663245 -0.4820624030806928 1.8351646698540165 0.0038909064964106465 0.9999780977674385 -0.005353954804756059 0.19821097629327644 0.4820839148051111 0.0028150279149886564 0.876120525215576 -6.433664972805673 
0.8440152206131174 -0.005402950599041835 -0.5362920058123334 2.192945390744434 0.004113458559710003 0.9999850569523997 -0.00360074028292174 0.19055546039706028 0.5363034465972311 0.0008330646624475314 0.8440248332668887 -6.700008659418131 
0.8077314194827696 -0.002332872621001277 -0.5895460216859112 2.5629463336384504 0.0024263461809472717 0.9999968562373261 -0.0006327398174002182 0.17815836775504756 0.5895456443945293 -0.000919358907338187 0.8077345405234564 -6.919270817023161 
0.7682154130460984 -0.0011350512503200596 -0.6401904332439468 2.954265518539529 0.0018695629807124752 0.9999981417035331 0.0004704505733698912 0.18066799810093115 0.6401887095948151 -0.0015582837161387017 0.7682161075239088 -7.12473541287617 
0.7258949334360345 9.740410938500154e-05 -0.6878055947172391 3.346152192290873 -2.3677577864161348e-05 0.999999992918763 0.00011662695898897867 0.1958038073851458 0.6878056012066697 -6.837334810806027e-05 0.7258949306020938 -7.291151569840167 
0.6810723473724972 -0.0012490621983246356 -0.7322150623199046 3.7515817008297674 -0.0009644277701342696 0.9999961473172219 -0.0026029271582074594 0.22377062997151853 0.7322154925454625 0.0024789502494920682 0.681068518786522 -7.450303915972263 
0.6343035031098087 -0.0005515986255336968 -0.773083929260971 4.158645364368688 -0.0023368348039325927 0.9999938089310392 -0.0026308368805653087 0.23208676127011563 0.7730805942110597 0.0034753184817103034 0.6342982870982122 -7.58326250210898 
0.5861965032157399 0.002469800627419879 -0.8101651434753907 4.547442440295285 -0.0035391496907003577 0.9999936182455742 0.00048773721739997587 0.21404664185993827 0.8101611778140858 0.002581385865619123 0.5862015032477373 -7.687466478917095 
0.5382586538010392 0.008588920109155858 -0.8427359325789142 4.931133593208898 -0.006338552318234183 0.9999610432829311 0.006142855282464165 0.18263484954292664 0.842755862846888 0.0020352807842734843 0.5382921263304214 -7.787606044560569 
0.49069089980554653 0.0072558413153358675 -0.8713035025838184 5.299899142273375 -0.00496275833000896 0.9999723810208362 0.005532470088368873 0.19002201484724157 0.871319580795578 0.0016093359896045439 0.49071335641073716 -7.869019921249247 
0.44270457362603827 0.0025358693798739305 -0.8966639447736681 5.680850285419339 -0.0023069562077316233 0.9999959124314578 0.0016891043281534275 0.21624735224899028 0.8966645629462797 0.0013207902422388733 0.4427086141803575 -7.948382030916498 
0.3969140498645629 0.0014139537951991764 -0.9178546931594219 6.035109934232622 -0.0006004025035379855 0.9999989994555902 0.0012808609031571166 0.2162250039975766 0.9178555858831748 4.269056727212411e-05 0.39691450167582754 -8.031106916539564 
0.354084664043981 0.007529899059753 -0.9351830576464757 6.346288642277884 -0.002037348424363795 0.9999714237721584 0.007280168300304968 0.17346294762671288 0.9352111525747863 -0.000672502217809528 0.35408988666793073 -8.116411313169746 
0.31458922446958054 0.022943990939229088 -0.9489505746493909 6.6236309876420165 -0.009333704538770986 0.9997342728281634 0.021077611162747544 0.09134317380406554 0.9491820172165144 0.002226434936314397 0.3147197819970385 -8.227643658990218 
0.27915478068643007 0.028237344255290186 -0.9598308501029337 6.879658217958564 -0.012731956692852328 0.9995885149325628 0.025704048196446623 0.07316577476957953 0.9601617080985281 0.0050451168789409345 0.2793994293068533 -8.35948415376355 
0.2461954786766591 0.026151691541824628 -0.9688673156364974 7.132074906149043 -0.009463953727214102 0.9996531222382695 0.024577810706626797 0.0695984185854619 0.9691739884350083 0.0031183695712521634 0.2463575773387072 -8.50419750592511 
0.21519683663423253 0.014444253828874631 -0.9764638677564811 7.390881406150314 -0.0024229675719668895 0.9998954298293377 0.014256880253047303 0.129045696512323 0.9765676887603671 -0.0007020952439581971 0.21520933142292756 -8.660912267538077 
0.18658188866569964 0.00852463326583986 -0.9824024274448959 7.625090612836047 0.0017371831652548391 0.9999579280783177 0.009006901130203164 0.16185697788118536 0.9824378764159045 -0.003387137582361326 0.18655922995769292 -8.8349061943224 
0.16095165739609246 0.0094718225206848 -0.9869168397385808 7.82613892132062 0.0036978618972484945 0.9999411423106899 0.010199888812260914 0.14514007162744913 0.986955363630413 -0.005291171187011343 0.16090715866185046 -9.036999630965573 
0.1374307259679491 0.01577933566482346 -0.9903856865514057 8.007018593795777 0.004814903426917737 0.9998506458218273 0.016598275653377313 0.08185089877325957 0.9904996780741087 -0.007049724509006294 0.13733422413744936 -9.25833002621446 
0.11738721620703857 0.02433088772454946 -0.9927881190736008 8.156026984761127 0.01142454750270708 0.9996005828836622 0.025848683003227867 -0.06961016887284854 0.9930205039099245 -0.014376459966846689 0.11706236036105404 -9.516496815788791 
0.09785579277855769 0.02664848837829362 -0.9948437575251864 8.316084194389916 0.019629903104407223 0.999395269335626 0.02870126362524495 -0.17950018204116747 0.9950069902889092 -0.022337271470038635 0.09727350913523294 -9.781773519887421 
0.08014038036619686 0.024097237560513022 -0.9964922692006765 8.474698612861886 0.020757512925880274 0.999450606993274 0.02583814695191244 -0.16534485510076768 0.9965674312819449 -0.02275538008315662 0.07959615308152722 -10.082803653639633 
0.06459391630994381 0.02134584608037664 -0.9976833068819266 8.616696342994402 0.015568805119483227 0.9996279591246482 0.022395438005151893 -0.07614169079357236 0.9977901774836709 -0.01697934602403562 0.0642375554150418 -10.418744475015526 
0.049867831478665636 0.021431529982765235 -0.9985258579056497 8.748547161681046 0.011850459211666801 0.9996866710307206 0.022048273855075184 -0.02591829024328618 0.9986855190699864 -0.012932489555905709 0.04959823297052344 -10.765652589667873 
0.03637926141401329 0.023754998997318783 -0.999055678809549 8.869294103690876 0.009707036617416832 0.9996618728525655 0.024122881357971627 -0.014369046341500269 0.9992909099852156 -0.010575442664023155 0.03613636995301147 -11.133577355842636 
0.024455141500347187 0.02761267352215858 -0.9993195116253644 8.975043181207127 0.008912396904638853 0.9995727225200142 0.027837772456542773 -0.03468267562283511 0.9996612002251624 -0.009587108786634106 0.024198597263086274 -11.524173045106593 
0.014079275741439195 0.030902870147719606 -0.9994232269720523 9.069209375271242 0.009745969692881131 0.9994705765082817 0.031041629611678986 -0.06763111124489773 0.9998533842865878 -0.010177392143197777 0.01377064340623208 -11.944552353726623 
0.005627419501481713 0.033079427036541834 -0.9994368832781235 9.14760778684574 0.010519724003263209 0.9993954450398644 0.033137287765712745 -0.08973080347640217 0.9999288312458302 -0.010700277590166467 0.0052760309744983806 -12.397338716864247 
-0.00040539722923904257 0.034834862988402236 -0.9993929997621889 9.201261814104583 0.010859590282861264 0.999334303933863 0.03482841196367922 -0.10456236386934359 0.9999409507325802 -0.010838879167268221 -0.0007834196975124993 -12.887568034438154 
-0.006208912520315718 0.03629889810265012 -0.999321689648458 9.257181410172763 0.012108443400749043 0.999270417096378 0.03622180440622163 -0.13140869119390963 0.9999074132157072 -0.011875332103362786 -0.00664390575707647 -13.39750223867408 
-0.012508337401229296 0.0366759610585734 -0.9992489256315898 9.32451292456959 0.013099876399737287 0.9992473531379364 0.03651192250678302 -0.1471821400504476 0.9998359539113252 -0.012633333972461334 -0.01297937359704358 -13.922764977795435 
-0.01718335679764528 0.03908689527879455 -0.9990880576138571 9.372041952162334 0.013234345956061848 0.9991569442289548 0.03886197223730315 -0.16812029500982462 0.9997647645002695 -0.012554497860218485 -0.017686159763999027 -14.481796297425262 
-0.020648939461598396 0.040773390644584746 -0.9989550299760521 9.39832258471786 0.01315391509103227 0.9990926626584673 0.04050710974375285 -0.18014827282723855 0.9997002529843084 -0.01230374078720152 -0.021166533626274193 -15.068130953602466 
-0.02412969834112944 0.0418409702550368 -0.998832864330206 9.430790919553417 0.012847191629992335 0.9990542466758077 0.04153988283874788 -0.18149112796676015 0.9996262838307072 -0.011829852372359324 -0.0246444165615628 -15.674793694644528 
-0.0273337497254952 0.04334680213686841 -0.9986860972650276 9.45651548217512 0.012337105387602076 0.9989979206180692 0.04302267345749383 -0.18369833874034835 0.9995502298316982 -0.01114492464228288 -0.02784113320464277 -16.298980803219315 
-0.028609563337448955 0.04799792783442291 -0.998437625397422 9.451939414873578 0.012303992695168185 0.9987877286330682 0.04766219566653353 -0.22180049550914793 0.9995149346805172 -0.010921174643747042 -0.029165446936453038 -16.959925409403063 
-0.0284449370107955 0.05198314692665972 -0.9982427750773121 9.419830498986244 0.012220224306440425 0.9985903217139 0.05165302989400117 -0.25392361189357926 0.9995206609552163 -0.010729483441976826 -0.02904008451634061 -17.646889358940197 
-0.026628036899727384 0.053852565592700186 -0.9981937932235154 9.36477661152513 0.012183501801531679 0.9984911843250412 0.05354360007535128 -0.2670205021733323 0.9995711630167805 -0.010735734919465756 -0.027243972930175653 -18.370961844327557 
-0.02341613472632961 0.05630142072384757 -0.9981391860151341 9.284073325414923 0.012587283277771973 0.9983504091694955 0.05601804004773169 -0.29268396960759757 0.9996465600071683 -0.011252134712154253 -0.024086189616791178 -19.123712523088564 
-0.01967949749104285 0.05711456370262853 -0.9981736542263367 9.189853718712556 0.012495095153896622 0.9983030783311913 0.05687562212022913 -0.29427065520453066 0.9997282580659588 -0.01135299112685434 -0.020359754833456947 -19.897207296848947 
-0.015907848497628135 0.05857049911610216 -0.998156519284159 9.098684382571378 0.010711082302009517 0.9982355409177838 0.058404431034812854 -0.26269865443121576 0.9998160896245354 -0.009762247787847863 -0.016507133186370544 -20.691311352347785 
-0.01205071720179725 0.05853282977768084 -0.9982127468897297 9.004241682682107 0.009198535606108935 0.9982494831396158 0.05842393648320263 -0.22074063731332938 0.9998850769751622 -0.008478045158362106 -0.012568038536992022 -21.498485404076128 
-0.008083631866048104 0.05581045545119203 -0.998408657794084 8.909279211220792 0.006841003695831957 0.9984210014878689 0.055755757159191864 -0.13658124569078733 0.9999439262100095 -0.006379408302632121 -0.008452667355366948 -22.32271390373005 
-0.0041084296313197415 0.05482305086368501 -0.9984876333234994 8.809247709204769 0.0056698933590941395 0.9984812872815916 0.054799372786488276 -0.09206962503077287 0.999975486257169 -0.005436179034384819 -0.004413030959003207 -23.153563749044462 
-0.00010567179411034622 0.05235056420313237 -0.9986287634857537 8.707191422708462 0.006326261174237956 0.9986088205071245 0.05234884931806747 -0.07417467795042665 0.9999799834261824 -0.006312054577090395 -0.0004367081274451169 -23.992106639369783 
0.003256093561141788 0.050313629976889485 -0.9987281594574522 8.618005007335555 0.00956234116718794 0.9986862244476211 0.05034269291524869 -0.12169474554886905 0.9999489784414627 -0.009714099912261702 0.002770699689826596 -24.826446541830975 
0.004538889755864509 0.044725856330099095 -0.9989889870540736 8.580776242076126 0.015451603637345945 0.9988768745888031 0.04479104103212299 -0.2108975255030976 0.999870314803285 -0.015639283463328324 0.0038427058090870713 -25.647708513843643 
0.004173691116538799 0.04211026610898091 -0.9991042517128503 8.579700301361797 0.018338529052001902 0.9989417120040665 0.04218002335932268 -0.2566360412949682 0.9998231236847214 -0.018498148734805438 0.003397033810904291 -26.460013375097713 
0.004214280635672822 0.03968237117571206 -0.9992034573882321 8.568406675297865 0.018251301386775016 0.9990428376172328 0.039752969743118094 -0.21980273255708482 0.9998245495267728 -0.018404293618099372 0.003485991968708035 -27.28056333810158 
0.00399445984057806 0.036866752963311815 -0.9993122068785734 8.564802645922626 0.01541704437490045 0.9991991381588147 0.036924206767699704 -0.0996470967322427 0.9998731714739252 -0.015553932898905701 0.003422884463721231 -28.09978625250944 
0.003837553213985168 0.037754429939494114 -0.9992796786712285 8.555569538387331 0.014867571197676618 0.9991744314725777 0.03780754975047249 -0.07509249699873433 0.9998821073066628 -0.015001950253093902 0.0032730683756762293 -28.917232731400865 
0.003964071183596074 0.03546617623007923 -0.999363015366923 8.538041029736704 0.013591504300546595 0.9992766444201818 0.035517023062050845 0.00017405983185980745 0.9998997735525798 -0.013723638728814437 0.0034791650638315397 -29.737769728601982 
0.0036055360464057923 0.033769226743740124 -0.9994231533414404 8.533055484610102 0.013513741589693045 0.9993367403175398 0.03381505936355921 0.03922224286050291 0.9999021846651132 -0.013627867648459161 0.0031467960358134875 -30.551895188373233 
0.0036525817437333703 0.031238012126675634 -0.9995053002585724 8.519552386807817 0.014190536054786092 0.9994097056203272 0.03128688220915099 0.05822591492536722 0.9998926379032327 -0.0142977938950449 0.0032071415078947637 -31.36649087597238 
0.0022911517919346884 0.028234227070879716 -0.9995987090053569 8.549745809542188 0.015245791669751967 0.9994841683009629 0.02826593625013437 0.0677040590067155 0.9998811511673924 -0.01530443522133871 0.0018595167993341298 -32.16776675151258 
-0.0005013196012567984 0.025347230899926722 -0.9996785816272964 8.628828480924227 0.015131714384755867 0.9995644453394538 0.025336748666880477 0.11339737521842741 0.999885383380733 -0.015114148965003012 -0.000884648307590127 -32.957478502919855 
-0.004489280712209448 0.02269032052054072 -0.9997324620684087 8.747844551185935 0.013631726893810106 0.9996510306895194 0.022627259296565057 0.20423732004085204 0.9998970058863963 -0.013526499771062994 -0.004797022343484431 -33.73448617087174 
-0.009493591037364354 0.02055920552844453 -0.9997435625185358 8.905082585011527 0.010972762469290347 0.999730564737787 0.020454740596240646 0.33382146540719004 0.9998947295655721 -0.010775759699722024 -0.009716624407994468 -34.50326981181156 
-0.015833043703776452 0.01840197325920703 -0.999705297628877 9.109612602297943 0.008446929454870725 0.9997974097520597 0.018269888775202026 0.4615448323757829 0.9998389690894531 -0.008155172177290768 -0.015985276253477905 -35.258089004285694 
-0.023380133208998243 0.01779038647429081 -0.9995683425960553 9.359072387611945 0.008390458785029205 0.9998099296417178 0.017598431498334614 0.4897105739002132 0.9996914371807472 -0.007975383308671745 -0.023524958843185104 -35.995921299352574 
-0.03221692694255669 0.01716313042311927 -0.9993335261925607 9.660538605842447 0.009377524538286445 0.9998137310553264 0.016869061229441255 0.47795400260745113 0.9994369072892563 -0.008827805350584623 -0.03237187360627156 -36.71454373684059 
-0.04231487223122022 0.017630456508343186 -0.9989487567394852 10.011444808516544 0.010187053629785224 0.9997999317219495 0.017213961401421122 0.46164602635666485 0.9990523887796877 -0.009447937981018143 -0.04248600877356536 -37.416861553728644 
-0.05257460518924507 0.018664762961837975 -0.9984425559403874 10.3772076016256 0.009367904135362152 0.9997905396698398 0.018196679884047984 0.5026386884483207 0.9985730585497021 -0.008396630888056623 -0.05273844260522017 -38.10932095629143 
-0.06338953873772726 0.0175445687015341 -0.997834632836371 10.772168075872173 0.007794041326933454 0.9998236724082736 0.01708440844242086 0.5923313180836605 0.9979584256362652 -0.006694191595000224 -0.06351510450654411 -38.786362307823694 
-0.0745592930134759 0.018807061726554167 -0.9970392200182221 11.187061972612582 0.0072015492501770655 0.9998062257049941 0.018320718597607165 0.6214873938898529 0.9971905783318099 -0.005814247221182709 -0.07468028532031089 -39.45489019597768 
-0.08567580110893791 0.019087286848836496 -0.9961402173314213 11.606892672886758 0.007235851158242354 0.9998020264395361 0.01853511223096093 0.6348441955008179 0.9962967929098027 -0.005619911756317734 -0.08579695233219989 -40.114636963922614 
-0.09675259130294714 0.019166582008883708 -0.9951239009340807 12.034497343606887 0.007874002219661879 0.9997980202778033 0.01849104479555176 0.6260972352230136 0.9952773162115218 -0.006046551304924518 -0.09688396695071567 -40.763407882515324 
-0.10747384496081927 0.01878378330416348 -0.9940304533232975 12.455117139773904 0.008967028012716862 0.9997991539880428 0.01792328355558388 0.6005511150243086 0.9941674733453906 -0.006987214722402019 -0.10762069397874258 -41.40821295833553 
-0.11775898488407263 0.019498566862969326 -0.9928507578530439 12.865493017157277 0.010041261758219488 0.9997794776144815 0.018443676510339627 0.5650297802853492 0.9929914372950932 -0.0077975657230610635 -0.11792880660559123 -42.046972202795644 
-0.12730389089599956 0.02029568948706125 -0.991656091773244 13.251445733055306 0.01084680180942835 0.9997593296647349 0.019069075458141356 0.5398814563343857 0.9918044496034724 -0.008328729588965324 -0.12749339594734913 -42.68313401540004 
-0.13689299070681213 0.02087995347786688 -0.9903657590194175 13.643779045882724 0.011316718442855362 0.9997455460386958 0.019513458419137365 0.5315752958039188 0.9905211966328789 -0.00853643476823885 -0.13709445029766074 -43.30757350177138 
-0.1463730028506922 0.021388921086546036 -0.9889982093468247 14.041055606212097 0.011458311485437852 0.9997358099238606 0.019925296830565292 0.5363287243585888 0.9891631064361305 -0.008415724011455041 -0.14657941347607117 -43.92203641179925 
-0.15496122506326784 0.02276030564166677 -0.9876583352627516 14.402910931909688 0.011331091330938865 0.9997097628798616 0.02126020630056377 0.5479280853584236 0.9878555689452495 -0.007896739187192246 -0.15517414866551793 -44.53808114874671 
-0.16231509403004235 0.024302815310200065 -0.9864396501651873 14.715727390324204 0.01015822584957291 0.9996848290330032 0.022957635959435813 0.6062264919982199 0.9866866882134417 -0.006294105913888589 -0.16251081051160007 -45.16098173793632 
-0.16765592417777225 0.02709131521655917 -0.9854732628173806 14.942356739637063 0.008923224200654209 0.9996230985895214 0.025962219399530327 0.6621114669754897 0.9858051872241097 -0.004440878980735226 -0.1678344763030427 -45.80265100232489 
-0.1715876611249845 0.03011989534888207 -0.9847083154182413 15.108096662983769 0.007398043095857251 0.9995437379580752 0.029284549973521302 0.7278753353394354 0.9851410779720895 -0.0022600471172586397 -0.17173220047218385 -46.45862591079327 
-0.17444236449523942 0.031838168210125174 -0.9841525250256355 15.227322135614429 0.006305048398924581 0.9994927483845175 0.03121685909010962 0.7836452300486401 0.9846471996781377 -0.0007595865904171451 -0.1745546195155382 -47.11923065350515 
-0.17626394843244841 0.032305962302033 -0.9838126576146207 15.300020465522465 0.005625778990610882 0.9994780235294684 0.03181243612767133 0.8295353244508359 0.984326861918211 7.267302121341884e-05 -0.17635368900275405 -47.78100136690929 
-0.17724953203847912 0.03272249872887325 -0.9836217979838995 15.334224749321336 0.0057720471863980626 0.9994644751460001 0.03220941465486321 0.8353605251721108 0.9841490165942441 3.159224327565776e-05 -0.17734348631543273 -48.44314359896706 
-0.17650883337364773 0.03376700654245802 -0.983719686196345 15.28407008309064 0.007029930566679672 0.9994291455014285 0.03304486644720772 0.7814142270983786 0.9842739516096631 -0.0010827702654514742 -0.17664545222351732 -49.11494149791317 
-0.17383376850191104 0.03494282334553673 -0.9841548760358132 15.138173581323116 0.008354831840038882 0.9993866417136454 0.03400789833623409 0.721685651493416 0.9847395684714563 -0.002310727367216578 -0.1740190875326202 -49.80009623885802 
-0.16894265187599602 0.03503219841664391 -0.9850031093611853 14.881718021642044 0.009130639153329186 0.9993808883964365 0.03397751221914883 0.695494385492502 0.9855835894563988 -0.0032534569380320033 -0.16915792388237247 -50.49929849940938 
-0.16158103238010876 0.034395068552811485 -0.986259879156719 14.498175912365085 0.009572095846731184 0.9994000583926361 0.033285105766657205 0.6903166995287404 0.9868130243141712 -0.004062332340416259 -0.16181332608866555 -51.214236701532286 
-0.150761016191427 0.03346578180858484 -0.9880036221820592 13.932309247732235 0.009725636671111877 0.9994286756901305 0.032368722551454544 0.7021287115625623 0.988522396300797 -0.004729022754409458 -0.15100035879268117 -51.95518361334601 
-0.1373752517030867 0.03311259956032773 -0.9899654519072226 13.226507462755151 0.009786525353941644 0.9994376673163737 0.03207137463069177 0.7151487345626815 0.9904707285634494 -0.005282508832261059 -0.13762205840426492 -52.70324581772499 
-0.12100143560600886 0.032029293442092 -0.9921354630003327 12.35604033479423 0.010894072128603535 0.9994619606537539 0.030937168561649353 0.6748796716890006 0.9925925507345611 -0.007064953485726565 -0.12128526150568669 -53.459065733161545 
-0.10039125864375913 0.03078600602685535 -0.9944716270567184 11.25491899987395 0.013439365365148642 0.9994719426307055 0.029584106418596864 0.5597778653973089 0.9948572654639986 -0.010395081862074967 -0.10075199068294839 -54.24099940808572 
-0.07645994163690206 0.029004559809155592 -0.9966506975039744 9.959960078665958 0.016354543274987986 0.9994788131271058 0.027832194025945875 0.4233653224181504 0.9969385167798205 -0.014171719031524782 -0.07689444804758962 -55.025230983604395 
-0.0488687335699688 0.02720862259176599 -0.9984345435410008 8.441051440917434 0.0179760171025239 0.9994909411324382 0.02635756823616757 0.35252110543468884 0.9986434347095051 -0.01665981545075816 -0.049332959172844255 -55.804159735858185 
-0.016188566912107353 0.025602652877077716 -0.9995411119443702 6.626134544394702 0.017631211248722658 0.9995239902849149 0.025316659235065226 0.38861841531604524 0.9997134943028612 -0.017213280064456476 -0.01663226677838744 -56.57517630765869 
0.021289665166584454 0.024695096126626292 -0.9994683098449856 4.518473901065576 0.015194436421995918 0.9995714399712308 0.025021300838660145 0.5399904270524041 0.9996578811067882 -0.01571905280662711 0.02090531319903699 -57.3043175300496 
0.06272921254185793 0.023014417553023414 -0.997765194060493 2.149253869737805 0.01161819901792752 0.9996495053643044 0.0237883138637899 0.7661238422343231 0.9979629569004348 -0.013084456794129997 0.06243984020594762 -57.95380605410591 
0.10737635960072224 0.020504230534213873 -0.994006988873366 -0.4262360759391868 0.0067704862686121135 0.9997490510391592 0.021354050247852464 1.0753649944092016 0.994195392221561 -0.009022830847416986 0.10721059000358112 -58.5005202888336 
0.15545593844182612 0.016614128905514208 -0.9877031041380213 -3.2397502973602315 0.003180444330315119 0.9998449575059805 0.017318941183739996 1.3259799795453309 0.9878377073067386 -0.005833666992127498 0.1553789958533389 -58.92145339609576 
0.20653789818686089 0.013110167354693834 -0.9783507653824811 -6.2767014169860715 0.0014131324987860067 0.9999051886582653 0.01369732641140841 1.4714063831635817 0.9784375808752934 -0.004211556269566102 0.2064997896480609 -59.166690909937316 
0.26134164841629043 0.012079483143917014 -0.9651707770597039 -9.567961942392358 0.0011232563939994392 0.9999172088137538 0.012818494965699315 1.5085338954178473 0.9652457102200089 -0.0044341408511857335 0.2613064432745246 -59.21611015504472 
0.3197686121191992 0.014717165026953688 -0.9473813591985704 -13.127702571737899 0.0018183412181593387 0.9998679871648315 0.016146265145962516 1.460840362129677 0.9474939199480791 -0.006885731371379736 0.31969963773033194 -59.017135424640564 
0.38031646317701867 0.015667177572056847 -0.9247237032667929 -16.890469755289267 0.005011894447304967 0.999806911377014 0.01900054938167736 1.2631425423444287 0.9248428346214155 -0.011860839332954164 0.38016450615456576 -58.51645295814665 
0.4411481034168313 0.017264526783659608 -0.8972682357949983 -20.713969863404223 0.008748405653391926 0.9996847029330604 0.02353635741067513 1.0177691723121058 0.8973916738249009 -0.01823268593969739 0.4408579736300207 -57.74471600963837 
0.5009575811596965 0.013624566819333703 -0.865364589671667 -24.551995739275412 0.013023935402215496 0.9996441871955055 0.02327823259780062 0.7648225470513674 0.86537383770557 -0.022931859611116216 0.5006018885596719 -56.66505923739606 
0.5587731160083359 0.009819337635166757 -0.8292624345976022 -28.312621602335213 0.01630318779916908 0.9996066084765686 0.022821795669026316 0.5725892194484508 0.8291603047022458 -0.026271827084928288 0.5583932128954464 -55.335490587279125 
0.6142374475842584 0.008421748201163913 -0.7890763157910726 -31.98988514477272 0.017458649204230316 0.9995532626082757 0.024258416624282686 0.4960299334424021 0.7889281041724533 -0.028676634502498504 0.6138160124014943 -53.74224438090052 
0.6663251813094615 0.00822621413128542 -0.7456159079271181 -35.52449512257851 0.01590882333241579 0.999554702983871 0.025244902119109063 0.5926743795348046 0.7454915573586949 -0.02868318573470689 0.6658975993071433 -51.901335343280344 
0.7149119009824221 0.006779063028011963 -0.699181677490309 -38.88701115516336 0.012056851775976872 0.999684809515611 0.022020761771310293 0.8693435267682879 0.6991105822106772 -0.024172834508988602 0.7146048333959472 -49.869101420735596 
0.760163082473959 0.005807732220911041 -0.6497063631288678 -42.09494291751667 0.0070407257117869665 0.9998277056429314 0.017175191709080023 1.2385699444852354 0.6496941713030382 -0.017630350967648322 0.7599912200148213 -47.619184984728236 
0.8008361936915582 0.004073309864648618 -0.5988696010154168 -45.06032850363778 0.003985747905165774 0.9999184725607655 0.01213103645133256 1.4902711383538318 0.5988701901808559 -0.012101916314934444 0.8007546683811797 -45.2248881011613 
0.8361629927137612 0.003073920682833074 -0.5484724246738408 -47.71307195444692 0.0004959154473125003 0.9999796492478203 0.006360436940594088 1.7773933906956003 0.5484808143261125 -0.005590357935035679 0.8361444517631643 -42.834964334958045 
0.8657303265138885 -0.00018997379277198748 -0.5005107048446764 -50.01068649743246 0.000327334584524399 0.9999999290108836 0.00018662877047279745 1.8653810215397706 0.5005106338592886 -0.00032540465001875687 0.8657303272414498 -40.54925176342064 
0.8899636014781453 -0.003137602508897615 -0.4560207709025381 -51.963041581648646 0.00160659692269603 0.999991697156338 -0.0037449251950704763 1.8383997962824772 0.4560287347200579 0.002600205546653291 0.8899612531120318 -38.42709827763561 
0.9085848822468381 -0.010512132108665268 -0.41756796672042684 -53.52138234555944 0.00728877584868924 0.9999300658800696 -0.009313275240666715 1.544528363845029 0.41763666685185724 0.005418341776854522 0.908597961737347 -36.65796896913834 
0.9234759069205508 -0.01449464417555937 -0.38338251737330237 -54.81709255533784 0.01189398911319113 0.9998873690989609 -0.00915325839989068 1.2530381583200025 0.3834720098784811 0.003892866114290887 0.9235442941370893 -35.11856991830493 
0.9353633938069698 -0.016493152207434546 -0.3533034070825967 -55.899026661531934 0.014276712656964554 0.9998586612954773 -0.008878789789619698 1.1008977401399154 0.353399910868154 0.0032608837268727317 0.9354666587515028 -33.820052370739276 
0.9434608593307366 -0.010314898330495237 -0.33132342172466595 -56.6588727080294 0.008708210684678112 0.9999420250983363 -0.006333522630414103 1.4350940237173537 0.33136954292387905 0.0030901965423337755 0.9434959865880455 -32.993373904715426 
0.9488194678420526 -0.007246319509489061 -0.3157358204219029 -57.182526203076264 0.005672518078601709 0.999966486273335 -0.005903293047852043 1.6369513202866814 0.3157680160855017 0.003810142218772865 0.9488287742441723 -32.549441541104216 
0.9527795915585802 -0.01122754436287315 -0.3034550908405482 -57.589436807975616 0.00966692651979531 0.9999311978972149 -0.0066445468997391255 1.3945159753748664 0.3035088144372852 0.0033973106160115393 0.9528225741655431 -32.31759183959829 
0.9556782256949033 -0.016858691648279057 -0.2939301166069064 -57.9007503041729 0.015020776496740286 0.9998509726300079 -0.008509336299763257 1.0726319291009179 0.29402976925147617 0.0037171288295859166 0.9557890341216454 -32.26157630082645 
0.957293180048637 -0.02382722083390614 -0.28813543860431484 -58.08557068360388 0.02211955940218673 0.9997131724709358 -0.009181387692017727 0.6286534421001706 0.2882715603805239 0.0024158508708676755 0.9575456496378371 -32.44067706846444 
0.9579747952058162 -0.029531521580476186 -0.28532819871775295 -58.17203393501002 0.0287153280871104 0.9995628055359593 -0.007044694594653899 0.17938719132162095 0.2854114953592886 -0.0014446529770836573 0.9584039812597561 -32.81058761138311 
0.9581490518346464 -0.030739396869371747 -0.2846146235675114 -58.19589506860914 0.030437023923508454 0.9995216295235784 -0.005486318365851748 0.056930741455762934 0.2846471184520382 -0.003406111366201215 0.9586263173741432 -33.31364833833749 
0.9575068321937281 -0.02921949620398345 -0.28692662362338944 -58.120577411473185 0.02981969587252411 0.9995526962425395 -0.0022788532949722094 0.0572124694185534 0.28686486721172905 -0.006374047054677214 0.9579498522802443 -34.01018113794932 
0.9563716320336185 -0.025743209655823666 -0.29101647478788717 -57.98313022725097 0.028533190606584727 0.9995785461746082 0.005346686942873209 0.02214353298236227 0.29075618389840124 -0.013417048262308152 0.9567031014587367 -34.823297826325685 
0.9551588572180957 -0.024400362468475937 -0.29508673265538243 -57.83868573774821 0.02879494380728762 0.9995296030674589 0.010555747389185124 -0.08070105622414703 0.29469036069908583 -0.0185794214984251 0.9554121604877273 -35.6468500512258 
0.9536647815516812 -0.029471681689574248 -0.29942428827063067 -57.6723263443712 0.033427474465464256 0.9994083483556515 0.008096739336988335 -0.33809363191128483 0.2990085088736545 -0.017730572901596468 0.9540857081026498 -36.504187795832195 
0.9517911143466211 -0.03394590084554693 -0.3048628387760674 -57.454909684660166 0.0365853666175316 0.9993261844274695 0.0029475527301201757 -0.4466324168428668 0.3045573601151001 -0.013958973222280175 0.9523917058995738 -37.44142684543597 
0.9503721360819916 -0.03191116346810715 -0.3094745233538047 -57.27900883394733 0.033268514900805145 0.9994460517963009 -0.0008918884917605298 -0.1458840106822994 0.30933155169695803 -0.009448131820554396 0.9509073161617029 -38.34422587119904 
0.9493115413695556 -0.02869122871517194 -0.3130246169510849 -57.144220888189196 0.028372522734167245 0.9995818765834399 -0.005574222782465242 0.28045023406889724 0.31305366532953854 -0.003589624039240025 0.9497286545234899 -39.19026353265136 
0.9482546774880789 -0.02714789245444342 -0.31634800229693744 -57.01188456609777 0.025389823228536952 0.9996307712701543 -0.009678739910817974 0.5732699411124913 0.3164939549160537 0.001145890535603086 0.9485938348083841 -40.03389485493909 
0.9473605924570948 -0.0228548433124519 -0.3193517872135784 -56.88906143725144 0.020978404141645892 0.9997365355181899 -0.009314832782126302 0.8722299052556357 0.31948053840416196 0.002125014647590631 0.9475904547291168 -40.86379312892335 
0.9472668145734315 -0.018422612264036756 -0.31991590983455936 -56.87024412947652 0.01761752437604952 0.999830158850432 -0.005410756692022027 1.0282701961101055 0.31996125522125984 -0.0005106960837135325 0.947430490509328 -41.559873359493366 
0.9474212594015552 -0.016028405629378146 -0.31958730801918844 -56.88665443323983 0.017316352521458706 0.9998493541313793 0.0011886876865877887 0.9175977579560672 0.3195201107431645 -0.006660274472106491 0.947556087825218 -42.21181113528429 
0.9476560705735859 -0.01577830267001553 -0.3189028332735313 -56.91538200248701 0.01958423080043863 0.9997700846147596 0.008731312235419373 0.6046137717304352 0.31869174731860783 -0.01451974773371157 0.9477471957841722 -42.85551810749392 
0.9483338668120463 -0.01850984462949272 -0.31673374103354524 -57.01262497032902 0.02361308091804189 0.9996457373618772 0.012280968357069643 0.25387747864843924 0.31639421528667494 -0.019125517666756325 0.9484349820135841 -43.41841866664585 
0.9491495934198747 -0.01813485749622379 -0.31430268254420063 -57.12357674496803 0.021867561760958953 0.9997259722769469 0.008354046776590176 0.46801964180341793 0.31406505544794316 -0.014802273423581997 0.949286065234276 -43.98450566606567 
0.9497399939797861 -0.015258294754481256 -0.3126677602127557 -57.20026054618148 0.0168122945696033 0.9998560760015353 0.0022746503289848086 0.9711802058331416 0.3125880525333316 -0.007416988876870749 0.9498598305483921 -44.61145000375706 
0.9505164632204772 -0.017343358708154764 -0.3101897178430581 -57.31742500244744 0.016641544785680792 0.9998494695869514 -0.004908885193173057 1.1791762290514693 0.3102281614134701 -0.0004960598893721928 0.9506620018653343 -45.194268194717 
0.9510379996088415 -0.02052863297723758 -0.30839146960981234 -57.399245769429925 0.01989439275753458 0.9997885585950869 -0.005201080576940292 0.9795002609794641 0.3084330339584638 -0.0011888357517937083 0.9512453154853021 -45.83064070940925 
0.9514833934614034 -0.02564207076358001 -0.30662980314074056 -57.47659577856746 0.02619190984603021 0.9996542359853452 -0.002322140214094089 0.4825353278836515 0.3065833260726867 -0.005821742308969419 0.9518260195491071 -46.47775213073348 
0.9526420396503462 -0.025360400737438983 -0.3030346421867732 -57.65061056072777 0.027570129542967156 0.9996153231881532 0.0030155603838094543 0.2509241290283102 0.3028415959669562 -0.011227453935817169 0.9529747698812943 -47.02370893521011 
0.9539308747461227 -0.023849796578994803 -0.29907703591088075 -57.84507093133962 0.027030237918569525 0.9996134747295097 0.006501336575086816 0.1984958386087574 0.2988063795238702 -0.014285949122742808 0.9542068220325713 -47.55894755107316 
0.9551167926769761 -0.0222529817785783 -0.29539247984403677 -58.02927692746774 0.025017692269402092 0.9996714191404548 0.005582904909101264 0.37383654695178836 0.29517118324789293 -0.012722364390035565 0.9553596778304843 -48.12495492702182 
0.956276739989738 -0.018132116411499984 -0.29190070727738954 -58.20677169508467 0.020621917898087372 0.9997724647616922 0.0054548333188329445 0.6973993918881436 0.29173538190765425 -0.011235882643189667 0.9564330723497716 -48.71118808184822 
0.9568378586455211 -0.017252125835932886 -0.29010976615204676 -58.29992809641435 0.018908073802291286 0.9998170038808197 0.002905769410729529 0.9081991716877216 0.2900065464911804 -0.008265767049848834 0.9569889654992559 -49.411716157085806 
0.9573445740055493 -0.01473061717298369 -0.2885729986326467 -58.378085774463486 0.015715852821918907 0.9998758960747087 0.0010974601950420634 1.200274124120708 0.28852101932478724 -0.005585818337801909 0.9574572679975243 -50.14607822421809 
0.957601294597125 -0.00959346573714379 -0.28793701742058403 -58.41048478210864 0.0104301720361291 0.9999446632146228 0.0013718673014579742 1.577140684504488 0.28790792294969625 -0.004316934531158592 0.957648365517869 -50.937052309215986 
0.9577830071221195 -0.010518674022732539 -0.2872996149752273 -58.44561721732058 0.01089388502313974 0.9999406170562958 -0.0002926263448254572 1.6145027268018404 0.28728563231949683 -0.0028495364322227725 0.9578407203731257 -51.73604580256912 
0.9575537117358237 -0.015081464803454486 -0.28786010241144966 -58.414907124332814 0.015836565748020368 0.999874550343708 0.0002945509765904856 1.2606728365691098 0.2878195482003554 -0.0048407638190007055 0.9576724255607404 -52.612025953228596 
0.9572646282418258 -0.02064294459658808 -0.2884758228264911 -58.37912502030342 0.022083667295758155 0.9997546113893356 0.0017403001266367072 0.7806351816770916 0.28836910922602155 -0.008036531847925438 0.9574855983251385 -53.496257270352174 
0.9568520645156144 -0.028220724275525345 -0.2892018626384904 -58.334405895188425 0.02978245568806262 0.9995559040186869 0.001000037287256891 0.2669130055614022 0.2890452074769553 -0.009570029401840383 0.9572676128292716 -54.389737617684816 
0.9558079175053256 -0.035612029889650225 -0.29182701753139917 -58.173159291903325 0.03664028077634676 0.9993266308445372 -0.0019428611727076522 -0.10564776963075628 0.29169969944921703 -0.008835621768987043 0.9564691407093021 -55.40592274419147 
